# The mean values of the components (in mm)
108
1
5
-46.058573 
-40.185009 
-33.617069 
-26.949802 
-20.558917 
-26.019196 
-32.952812 
-39.970687 
45.695924 
39.854194 
33.372864 
26.785872 
20.454060 
25.822554 
32.723767 
39.691545 
-24.723296 
-18.036913 
-9.778252 
-0.017227 
9.653145 
17.827355 
24.237716 
16.163750 
6.798227 
-0.050608 
-7.089732 
-16.504882 
-12.781032 
-0.072555 
12.458624 
12.370593 
-0.021060 
-12.451288 
-32.614450 
32.385550 
-30.850926 
-28.329745 
-27.308571 
-27.737622 
-29.257083 
-33.208383 
-34.607537 
-33.891657 
-29.984993 
-27.620252 
-26.727583 
-27.286568 
-28.869350 
-32.762160 
-34.053703 
-33.154387 
40.867858 
47.726268 
52.777326 
54.496562 
52.867275 
47.917156 
40.993902 
36.065715 
32.093397 
33.880800 
32.012946 
35.869932 
43.334916 
44.698904 
43.433443 
39.693304 
39.885334 
39.574405 
-31.100999 
-30.502634 
4.404822 
4.392687 
4.358220 
4.295841 
4.266174 
5.116160 
5.268202 
5.036770 
2.144565 
2.523062 
2.866924 
3.132110 
3.272803 
3.609781 
3.408189 
2.941919 
-4.771909 
-5.358886 
-6.137647 
-6.661789 
-6.379043 
-5.965212 
-5.563947 
-4.129532 
-3.132137 
-3.283968 
-2.897788 
-3.544253 
-3.831352 
-3.999348 
-4.315385 
-5.006074 
-4.843010 
-4.502890 
4.392101 
2.835669 
# The principal components (eigenvectors) of identity or combined identity and expression model
108
27
5
0.018668 -0.023759 0.002883 0.073613 -0.002906 0.064588 -0.086130 -0.043598 -0.006305 -0.022121 0.021047 -0.022785 0.055777 -0.022871 -0.065004 0.244241 0.074566 -0.002775 0.002808 0.032430 0.000548 -0.124532 -0.121831 0.058473 0.103886 -0.015598 -0.047701 
0.008498 -0.027026 0.011864 0.068549 -0.008756 0.062130 -0.093711 -0.048215 0.013592 -0.010913 0.029043 -0.023854 0.035290 -0.009394 -0.073409 0.200618 0.075672 -0.022963 -0.008721 0.000508 -0.002551 -0.082076 -0.093771 0.032608 0.074171 -0.012238 -0.054074 
-0.001525 -0.022359 0.011007 0.059527 -0.008120 0.048451 -0.079195 -0.046425 0.021383 -0.016081 0.017901 -0.029350 0.017032 0.009200 -0.081905 0.151759 0.074587 -0.043032 -0.028190 -0.042821 0.003933 -0.054141 -0.059765 0.012589 0.039036 -0.024297 -0.054102 
-0.012310 -0.015937 0.006491 0.047701 -0.000018 0.028340 -0.061700 -0.042698 0.026701 -0.026513 0.000289 -0.033771 -0.009026 0.030643 -0.088234 0.097689 0.074806 -0.064866 -0.050385 -0.087798 0.015695 -0.031564 -0.029125 -0.007988 0.005302 -0.048718 -0.047636 
-0.023588 -0.011089 0.003279 0.035358 0.014455 0.007563 -0.051859 -0.039954 0.035741 -0.035766 -0.013400 -0.040540 -0.038966 0.051672 -0.094145 0.040354 0.072567 -0.082481 -0.072439 -0.130940 0.031010 -0.013321 -0.004575 -0.033822 -0.023222 -0.082303 -0.041661 
-0.015753 -0.005909 -0.002356 0.041748 0.019902 0.006513 -0.040916 -0.037400 0.004529 -0.055053 -0.047354 -0.068759 -0.014400 0.047742 -0.102880 0.074333 0.059397 -0.073244 -0.069898 -0.123669 0.028037 -0.066104 -0.041073 0.003898 -0.001708 -0.086765 -0.047703 
-0.005698 -0.007569 -0.000638 0.050555 0.017818 0.026031 -0.059415 -0.039242 0.004811 -0.050536 -0.018802 -0.051148 0.023898 0.021066 -0.084618 0.131947 0.063099 -0.043136 -0.041632 -0.074694 0.025939 -0.100612 -0.076514 0.028719 0.029650 -0.062519 -0.057135 
0.004607 -0.014732 0.002311 0.062812 0.009942 0.048498 -0.081596 -0.041217 0.009663 -0.033830 0.019569 -0.026116 0.051276 -0.007345 -0.064528 0.193480 0.071392 -0.015852 -0.012152 -0.015707 0.020049 -0.120516 -0.106702 0.046438 0.068612 -0.035053 -0.057212 
0.010789 0.032903 0.017591 -0.100770 -0.002214 -0.054650 0.087092 -0.004225 0.023532 0.038827 -0.024898 0.010559 0.015484 0.017106 0.047896 -0.113169 -0.125335 -0.044828 -0.064964 -0.216976 -0.065470 0.065778 -0.031924 0.020390 0.005133 -0.005531 0.022383 
0.001992 0.032119 0.007363 -0.092520 0.000943 -0.052544 0.089211 0.001369 0.005288 0.030964 -0.034463 0.025559 0.014064 0.006203 0.057608 -0.058195 -0.117233 -0.031450 -0.060199 -0.169633 -0.069078 0.036769 -0.027699 0.016943 0.015460 0.018853 0.035401 
-0.006420 0.024308 0.004938 -0.080366 0.002031 -0.041499 0.074053 0.001290 -0.002452 0.034506 -0.024342 0.039935 0.017064 -0.009764 0.068327 -0.010652 -0.108631 -0.014575 -0.038153 -0.111552 -0.074151 0.016731 -0.037731 0.013753 0.037970 0.045784 0.040919 
-0.016171 0.013893 0.004779 -0.065483 0.001744 -0.026996 0.055586 0.001915 -0.008091 0.042057 -0.004103 0.055525 0.022761 -0.027791 0.078981 0.035247 -0.099675 0.001816 -0.006922 -0.052074 -0.080510 -0.000195 -0.051208 0.007359 0.070275 0.074124 0.042944 
-0.027308 0.004465 0.002010 -0.050564 -0.000660 -0.015425 0.043470 0.004477 -0.015844 0.048625 0.017369 0.071208 0.033574 -0.044622 0.091769 0.081648 -0.091578 0.015436 0.026657 0.004866 -0.084246 -0.020091 -0.062262 0.003663 0.105468 0.105553 0.047241 
-0.022471 0.005278 0.017527 -0.060820 -0.024261 -0.006066 0.032001 -0.008007 0.016814 0.071787 0.048586 0.069318 0.064251 -0.053091 0.094452 0.040032 -0.104563 0.018338 0.020640 -0.049029 -0.073573 0.012583 -0.074658 0.028320 0.092992 0.118617 0.018564 
-0.013543 0.012017 0.019967 -0.073024 -0.029638 -0.022597 0.053540 -0.011569 0.015970 0.066623 0.017768 0.033503 0.058405 -0.030779 0.073543 -0.019542 -0.124596 -0.001570 -0.006131 -0.114133 -0.067447 0.033185 -0.054951 0.033973 0.065371 0.098036 0.012085 
-0.003502 0.021815 0.017302 -0.086566 -0.019833 -0.043792 0.077584 -0.009689 0.010371 0.049055 -0.021605 0.003966 0.035953 0.000086 0.053800 -0.076538 -0.135672 -0.026692 -0.037987 -0.180365 -0.065008 0.047794 -0.036580 0.027217 0.039767 0.048765 0.016755 
-0.029722 0.011350 -0.072376 0.065345 -0.066858 -0.053888 -0.020662 -0.019926 -0.141561 0.049174 0.115056 -0.017186 -0.107256 0.111708 -0.010525 -0.046835 -0.003428 0.144412 -0.111131 -0.001378 0.019171 0.028693 -0.033760 0.223753 0.076211 0.058253 0.050765 
-0.052407 -0.001098 -0.089330 0.021777 -0.061370 0.010218 -0.011433 -0.018966 -0.112543 0.068308 0.075764 -0.017688 -0.063870 0.070861 -0.021792 -0.066333 0.002003 0.098912 -0.078959 -0.010145 0.028484 0.017779 -0.049371 0.171081 0.022061 0.034476 0.032283 
-0.076859 -0.008508 -0.068406 -0.001942 -0.053164 0.042977 0.007069 -0.001449 -0.072135 0.062736 0.039941 -0.006990 -0.027617 0.021797 -0.024399 -0.077456 0.018654 0.058990 -0.045092 -0.013302 0.029176 0.011098 -0.065403 0.088580 0.005732 0.012501 0.010218 
-0.097271 -0.008444 0.004891 0.004689 -0.033507 0.014819 0.011586 0.039192 -0.009212 0.016121 -0.001390 0.001166 -0.004158 -0.028426 -0.020087 -0.071380 0.030814 0.008734 -0.010644 0.005897 0.014080 -0.002351 -0.049568 0.020561 0.034945 -0.006801 -0.011363 
-0.076491 -0.004283 0.072680 0.011752 0.001554 -0.029888 0.010144 0.078216 0.047061 -0.033744 -0.027083 -0.006899 0.076512 -0.080246 -0.018800 -0.067566 0.024634 -0.010067 -0.017346 0.033208 -0.008614 0.006886 -0.030119 -0.009206 0.040532 -0.049290 -0.041219 
-0.051398 -0.007791 0.082344 -0.009993 0.044234 -0.032874 0.012568 0.087499 0.080023 -0.050779 -0.042548 -0.019938 0.170490 -0.121489 -0.017236 -0.072352 0.006514 -0.019269 -0.001882 0.039048 0.002411 0.003049 -0.014383 -0.052699 -0.012020 -0.102575 -0.064602 
-0.026729 -0.016687 0.051820 -0.056114 0.093759 -0.004299 0.005538 0.084580 0.099136 -0.041300 -0.058291 -0.030239 0.249415 -0.153296 -0.027319 -0.080749 -0.007718 -0.046673 0.021535 0.042017 0.022498 0.000199 -0.005891 -0.099131 -0.071708 -0.153461 -0.078548 
-0.072894 -0.029488 0.059505 -0.024962 0.044770 -0.046722 0.016291 0.066745 0.027329 -0.032004 -0.028611 -0.011394 0.152089 -0.122286 -0.024802 -0.075498 0.035485 -0.003819 0.019735 0.023778 0.003723 0.005328 -0.034366 -0.055441 -0.066968 -0.085243 -0.063620 
-0.114400 -0.016857 0.023265 -0.007590 0.029680 -0.037611 0.023515 0.072763 -0.027537 -0.014664 0.013307 0.019804 0.077091 -0.082184 -0.018293 -0.063792 0.074081 0.026929 0.012042 -0.000143 -0.017841 0.017681 -0.066709 -0.061278 -0.047353 -0.041616 -0.062407 
-0.121147 -0.011657 -0.012200 0.001527 0.005073 -0.012512 0.001776 0.062508 -0.035818 0.015519 0.009784 0.030067 0.004831 -0.036575 -0.039886 -0.056842 0.046784 0.014067 -0.047786 0.007495 0.006976 0.034353 -0.010182 0.000150 0.019472 -0.014762 -0.029718 
-0.116054 -0.006364 -0.051493 0.008317 -0.002432 -0.000018 -0.026815 0.045139 -0.039995 0.043001 0.015647 0.029989 -0.043984 -0.001732 -0.053582 -0.045903 0.009244 0.014896 -0.087477 0.016995 0.042806 0.041289 0.057480 0.091130 0.090915 0.006067 0.002323 
-0.077075 0.015719 -0.084353 0.032888 -0.019600 -0.001342 -0.030777 0.023759 -0.081404 0.049237 0.071355 0.004117 -0.058706 0.057922 -0.030238 -0.043083 -0.007785 0.071091 -0.092964 0.006502 0.036333 0.031032 0.020802 0.143042 0.089897 0.028239 0.013426 
-0.067021 -0.001747 -0.066427 0.034668 -0.029786 -0.011833 -0.007383 0.008056 -0.095459 0.048127 0.080103 0.007516 -0.054378 0.052226 -0.013890 -0.064004 0.018855 0.096375 -0.065264 -0.015189 0.029412 0.021541 -0.052298 0.097227 0.037764 -0.019330 0.033390 
-0.105184 -0.014138 -0.011860 0.007541 0.010232 -0.015503 0.001542 0.054991 -0.018581 0.008962 0.016228 0.025342 -0.021366 -0.023578 -0.019895 -0.065910 0.041187 0.006548 -0.029241 0.016618 0.013256 0.015231 -0.036746 0.014098 0.043579 -0.066482 0.013622 
-0.065045 -0.015131 0.045781 -0.020323 0.054132 -0.037345 0.000381 0.080165 0.058499 -0.036965 -0.032755 -0.006629 0.108363 -0.100787 -0.023877 -0.073546 0.017811 -0.034455 -0.013626 0.054242 0.002665 0.006628 -0.005538 -0.005610 0.009928 -0.104091 -0.032680 
-0.073677 -0.017181 0.037141 -0.027969 0.029438 -0.016512 0.005376 0.064793 0.035507 -0.013713 -0.032795 -0.014852 0.130119 -0.104243 -0.035693 -0.074881 0.014438 -0.022243 -0.007190 0.027860 0.022782 0.004286 -0.006785 -0.018904 -0.022115 -0.057292 -0.058411 
-0.117158 -0.009540 -0.005364 0.000222 -0.016051 0.001733 0.007926 0.055316 -0.029163 0.016843 0.006178 0.016554 0.010732 -0.038122 -0.038254 -0.064864 0.040069 0.012430 -0.032273 -0.001549 0.012118 0.019189 -0.027052 0.002604 0.022200 -0.001945 -0.032394 
-0.075165 0.006784 -0.049485 0.034349 -0.041170 -0.010557 -0.006307 0.019901 -0.086528 0.034733 0.065362 -0.007140 -0.030742 0.040049 -0.023432 -0.056283 0.008427 0.088345 -0.062991 -0.013469 0.023656 0.019219 -0.028355 0.089188 0.037722 0.034914 -0.003507 
-0.007510 -0.012410 0.002272 0.043034 0.006674 0.005631 -0.079469 -0.056643 0.016665 -0.046054 -0.010188 -0.087044 0.047114 0.040630 -0.065597 0.109544 0.017056 -0.041648 -0.063649 -0.192393 0.075895 -0.147131 -0.167151 0.090876 0.105891 -0.128545 -0.043126 
-0.013124 0.018886 0.019105 -0.075563 0.005605 -0.043022 0.043986 -0.024042 0.023417 0.041814 0.029621 0.007951 0.090809 -0.030358 0.096477 -0.008941 -0.147608 0.011938 -0.019096 -0.207716 -0.038077 -0.040649 -0.186477 0.084444 0.130950 0.002709 0.008087 
0.030718 -0.039271 -0.017315 -0.035871 -0.028564 -0.034681 -0.058300 0.002830 -0.026157 -0.076275 0.060421 0.032208 0.035445 0.019979 -0.027956 -0.047890 0.010958 -0.035541 0.004778 -0.014240 -0.012477 0.078371 0.000693 0.008142 -0.029028 0.011593 0.033205 
0.025548 -0.008175 -0.035822 -0.033272 -0.026214 -0.040889 -0.002840 0.029936 -0.056422 -0.117870 -0.005546 0.031273 0.033018 0.047621 -0.028943 -0.056093 0.017598 -0.082576 -0.027130 -0.054097 -0.012709 0.041005 0.032620 0.050609 -0.061620 -0.040701 0.042197 
0.019514 0.008118 -0.044946 -0.032024 -0.025846 -0.044784 0.025188 0.040446 -0.066479 -0.138634 -0.047137 0.028173 0.021419 0.060400 -0.026417 -0.062605 0.017898 -0.102576 -0.050797 -0.073881 -0.009383 0.018613 0.044333 0.072151 -0.080844 -0.064076 0.044976 
0.015193 0.008689 -0.048532 -0.026897 -0.020940 -0.044663 0.031157 0.035275 -0.056911 -0.142555 -0.058162 0.020097 0.014383 0.054619 -0.022762 -0.058760 0.006876 -0.090318 -0.060397 -0.073414 -0.005418 0.001559 0.035765 0.072635 -0.078172 -0.058178 0.035999 
0.013221 0.000365 -0.043509 -0.023798 -0.008994 -0.041480 0.014960 0.019259 -0.031689 -0.131065 -0.048214 0.001919 0.000414 0.038846 -0.023530 -0.052655 -0.010019 -0.053645 -0.066033 -0.061946 0.006516 -0.010526 0.011834 0.044299 -0.065322 -0.039656 0.013922 
0.019769 -0.013527 -0.025959 -0.022325 -0.028604 -0.007632 -0.078719 -0.014048 0.046450 -0.078844 0.146477 0.132012 0.077583 -0.018807 0.055780 -0.016633 0.025823 0.010116 0.014339 0.018013 0.050833 0.028266 -0.030349 0.015340 -0.031773 0.037885 0.014552 
0.022751 -0.024230 -0.013785 -0.016945 -0.038412 0.004543 -0.123708 -0.025507 0.074588 -0.044998 0.239994 0.184129 0.107967 -0.040643 0.082957 0.002043 0.050813 0.028665 0.049055 0.053075 0.066109 0.055034 -0.052110 0.005434 -0.006046 0.070004 0.019541 
0.025657 -0.034998 -0.009999 -0.020823 -0.040134 -0.002313 -0.117854 -0.021197 0.050575 -0.041758 0.210131 0.149138 0.088335 -0.026126 0.050585 -0.009412 0.047540 0.012700 0.043380 0.039370 0.043753 0.077200 -0.039969 -0.002517 -0.004124 0.062296 0.028300 
-0.029896 -0.033202 0.004579 -0.038465 -0.084696 0.028568 0.033647 -0.042682 0.010064 -0.095594 0.040129 0.033536 0.038252 0.021900 -0.005646 -0.044372 -0.013780 -0.040309 0.079328 -0.040145 -0.013639 0.025123 0.028232 0.009907 0.042789 0.014514 -0.012508 
-0.027098 -0.005783 -0.020755 -0.034229 -0.064325 -0.000786 0.064037 -0.014177 -0.026410 -0.135715 -0.006288 0.028290 0.035663 0.058233 -0.000047 -0.044083 -0.022574 -0.081099 0.044777 -0.077098 0.008470 -0.042672 0.084825 0.016939 0.016219 0.001413 0.000209 
-0.022516 0.009633 -0.036183 -0.032498 -0.049818 -0.020206 0.075831 0.001913 -0.044165 -0.156441 -0.039675 0.021341 0.027221 0.076241 0.003196 -0.045935 -0.027020 -0.096876 0.014723 -0.095804 0.021988 -0.075703 0.110945 0.023195 -0.005175 -0.007910 0.010906 
-0.018202 0.010047 -0.040703 -0.028609 -0.041153 -0.021222 0.072399 0.005196 -0.041633 -0.157293 -0.053802 0.018482 0.014184 0.065706 -0.000824 -0.042754 -0.029444 -0.086164 -0.005038 -0.087360 0.018859 -0.071282 0.100942 0.019121 -0.012456 -0.014767 0.014288 
-0.014962 0.003129 -0.033787 -0.027701 -0.033882 -0.011602 0.049705 -0.000481 -0.024897 -0.142530 -0.058266 0.011440 -0.014021 0.042380 -0.012105 -0.040860 -0.026091 -0.058917 -0.029101 -0.069133 0.010655 -0.041712 0.062287 0.000518 -0.021837 -0.027723 0.007808 
-0.022045 -0.008356 -0.004872 -0.026918 -0.077822 0.049576 -0.026938 -0.037713 0.061705 -0.077323 0.118161 0.154756 0.061546 -0.031150 0.058667 0.001845 0.026978 -0.007072 0.044557 -0.015533 0.029424 0.026209 -0.029530 0.019321 0.016906 -0.006902 0.002493 
-0.024891 -0.017373 0.013008 -0.022814 -0.100900 0.075315 -0.055634 -0.057618 0.098289 -0.042859 0.203527 0.209220 0.101585 -0.060849 0.083986 0.017507 0.052383 0.009455 0.092386 0.021110 0.033992 0.062567 -0.056557 0.030484 0.032562 0.017023 -0.002154 
-0.026548 -0.027119 0.015949 -0.026536 -0.103961 0.067554 -0.036388 -0.060968 0.081718 -0.049255 0.177111 0.163649 0.090875 -0.040700 0.059209 -0.002554 0.035455 -0.000315 0.104619 0.009124 0.020320 0.062447 -0.035849 0.025121 0.038913 0.026324 -0.004989 
0.000111 0.036320 -0.007764 0.034760 -0.089305 -0.012482 -0.003627 -0.113460 -0.154557 0.100368 0.019672 0.020446 -0.087607 0.025852 -0.016300 -0.086389 0.096655 0.013624 -0.029460 -0.009004 -0.025372 0.048432 -0.142091 0.005543 -0.074776 -0.051222 0.008989 
-0.005949 0.066635 0.106405 0.079945 -0.100529 -0.092022 0.006547 -0.062551 -0.080409 0.042960 0.000261 0.039821 -0.057276 -0.021613 0.001492 -0.030747 0.108644 0.048432 -0.018001 0.001702 -0.004170 0.041432 -0.117566 -0.059298 0.000816 -0.084594 0.005899 
-0.008463 0.095632 0.207013 0.129701 -0.108709 -0.172726 -0.004854 -0.022881 -0.018504 -0.014161 -0.022335 0.039968 -0.035050 -0.048087 0.013936 0.027404 0.096105 0.069172 -0.016628 0.019459 0.007684 0.026628 -0.059499 -0.088794 0.057385 -0.089298 0.000082 
-0.009193 0.107767 0.240292 0.151603 -0.112459 -0.212026 -0.021782 -0.020175 0.006381 -0.036595 -0.024883 0.018420 -0.003564 -0.053945 0.020505 0.059900 0.056633 0.081549 -0.016980 0.023085 0.019895 0.001460 0.005678 -0.077793 0.061780 -0.062491 -0.005696 
-0.007213 0.095312 0.199522 0.130379 -0.100873 -0.198430 -0.015681 -0.058413 -0.019561 -0.026918 -0.005785 -0.007734 0.041175 -0.039366 0.027281 0.051920 0.021271 0.089188 0.008057 -0.000606 0.043001 -0.031544 0.030305 -0.066359 -0.020725 -0.013998 -0.027100 
-0.005280 0.067676 0.096651 0.079762 -0.088174 -0.132544 -0.006684 -0.126666 -0.080938 0.019981 0.018864 -0.031823 0.042735 0.000549 0.029625 0.023580 -0.009627 0.068420 0.037844 -0.030873 0.056692 -0.069112 0.046411 -0.046906 -0.116558 0.055439 -0.028563 
-0.006085 0.037626 -0.016761 0.035468 -0.069241 -0.060444 -0.014202 -0.191266 -0.151549 0.066039 0.042018 -0.048664 -0.004055 0.058653 0.020487 -0.011717 -0.032870 0.012532 0.066850 -0.049705 0.051900 -0.095943 0.053765 -0.018043 -0.171241 0.129722 -0.015435 
-0.009727 0.110758 -0.096615 -0.016368 0.024478 0.026304 -0.051180 -0.129403 -0.062179 0.091108 0.014576 -0.036618 0.029950 0.026627 0.003798 -0.017345 -0.056937 -0.091812 0.033136 0.029790 0.043538 -0.067114 0.070179 -0.005633 -0.017627 0.055289 -0.046061 
-0.012419 0.158739 -0.135955 -0.058366 0.092961 0.088306 -0.069277 -0.073423 0.014716 0.107930 -0.002036 -0.020256 0.034781 -0.004607 -0.017194 -0.020820 -0.054461 -0.168699 0.007614 0.104521 -0.004141 -0.029660 0.057545 0.033356 0.106416 -0.008122 -0.072132 
-0.010838 0.163491 -0.132497 -0.055568 0.083856 0.099483 -0.064175 -0.065471 0.009462 0.129527 -0.006721 -0.007592 0.043010 -0.010707 -0.013388 -0.017012 -0.026132 -0.148133 -0.003767 0.099280 0.010270 -0.004331 0.059896 0.023219 0.121220 -0.043896 -0.057156 
-0.008381 0.158610 -0.136565 -0.058796 0.088834 0.094818 -0.068420 -0.054874 0.016645 0.118686 -0.006583 -0.005557 0.009693 -0.014094 -0.030093 -0.038542 -0.028016 -0.166647 -0.008551 0.114990 -0.013729 0.003820 0.029472 0.048759 0.124093 -0.053417 -0.057664 
-0.005803 0.110426 -0.089437 -0.020135 0.006907 0.063687 -0.042064 -0.079261 -0.056806 0.117056 -0.001510 0.012349 -0.032676 -0.000109 -0.027533 -0.055299 0.029396 -0.100015 -0.026485 0.058785 -0.018404 0.037450 -0.049209 0.026301 0.034055 -0.067471 -0.026465 
-0.004454 0.079404 0.129705 0.071307 -0.027918 -0.142649 -0.019756 -0.032176 -0.031707 -0.012972 -0.032897 0.016694 -0.110072 -0.018370 -0.026544 -0.045511 0.057198 -0.094835 -0.027879 0.093234 -0.084323 0.025822 -0.045355 0.111145 0.119619 0.002881 -0.033976 
-0.006849 0.104235 0.190283 0.089302 0.007058 -0.202217 -0.042438 -0.012197 0.019581 -0.059385 -0.043926 -0.011987 -0.091804 -0.024283 -0.016088 -0.010048 0.003325 -0.138247 -0.023859 0.134633 -0.103494 -0.022339 0.050401 0.185372 0.177339 0.044144 -0.061042 
-0.006318 0.081146 0.128430 0.073231 -0.015763 -0.171915 -0.033913 -0.078002 -0.023810 -0.037308 -0.015186 -0.039033 -0.044521 -0.001813 -0.003927 -0.009133 -0.028057 -0.083659 0.011506 0.073472 -0.038203 -0.056304 0.064021 0.130856 0.040587 0.083827 -0.056518 
-0.010572 0.105139 -0.081292 0.001035 -0.021366 0.041351 -0.050818 -0.135100 -0.078354 0.114718 0.009558 -0.020008 0.053761 0.007453 -0.001523 -0.016474 -0.037789 -0.004307 0.020535 -0.018636 0.092713 -0.038702 0.043959 -0.120412 -0.072713 -0.015034 -0.022159 
-0.009859 0.140628 -0.103855 -0.018282 0.001671 0.098838 -0.054040 -0.094864 -0.040894 0.143456 -0.005455 0.000021 0.072844 -0.015427 -0.009494 -0.010518 -0.015005 -0.011102 -0.009022 0.000733 0.079538 0.002622 0.014331 -0.137128 -0.015952 -0.105739 -0.024245 
-0.004957 0.105955 -0.076499 -0.003645 -0.034293 0.071868 -0.042609 -0.101197 -0.075153 0.130014 -0.007667 0.013468 0.009291 -0.005638 -0.020753 -0.040462 0.024862 -0.005790 -0.027905 -0.002745 0.045974 0.038331 -0.051890 -0.101331 -0.035990 -0.104748 -0.010613 
0.019066 -0.009004 -0.031613 -0.021806 -0.032142 -0.019845 -0.057266 0.002832 0.006863 -0.100675 0.098741 0.105443 0.076805 0.012276 0.029013 -0.031780 0.027291 -0.034584 0.009695 -0.016039 0.037491 0.035682 -0.000531 0.031727 -0.047207 0.000058 0.019602 
-0.023656 -0.005625 -0.013027 -0.026158 -0.076778 0.029219 0.002806 -0.030676 0.028597 -0.107752 0.081818 0.115091 0.067199 0.006549 0.044306 -0.014364 0.011576 -0.040477 0.058352 -0.033924 0.032842 -0.004218 0.029848 0.018530 0.010614 -0.001812 -0.007065 
-0.045310 -0.002948 -0.005669 0.026607 0.053880 -0.028468 -0.035992 -0.002592 0.040219 -0.043272 0.067993 -0.072662 0.042106 -0.003876 0.005175 0.149448 -0.021249 0.006066 0.071733 -0.021807 -0.101449 -0.040820 -0.052256 0.039100 0.009329 0.067583 0.010655 
-0.035289 0.002918 -0.005395 0.010059 0.069919 -0.037187 -0.052581 -0.007678 0.056196 -0.044269 0.057501 -0.061453 -0.002984 0.016586 0.014262 0.087585 -0.041448 0.033881 0.042085 -0.020106 -0.052467 0.028917 -0.071359 0.021751 -0.008810 0.032237 -0.002814 
-0.028098 0.005701 -0.002157 -0.005103 0.068635 -0.040649 -0.054535 -0.007954 0.063794 -0.044319 0.050419 -0.049225 -0.028338 0.025489 0.025538 0.038680 -0.044637 0.035462 0.020164 0.001755 -0.027776 0.074371 -0.070068 0.021264 -0.037443 0.023083 -0.012185 
-0.023073 0.006236 0.004616 -0.014261 0.048355 -0.034901 -0.046033 -0.004403 0.059182 -0.044294 0.042601 -0.048198 -0.026269 0.026288 0.030833 0.002651 -0.045315 0.023888 0.003207 0.029095 -0.028856 0.095265 -0.048125 0.026514 -0.062739 0.023507 -0.017578 
-0.017971 0.004180 0.012668 -0.023903 0.014504 -0.025860 -0.031677 0.003813 0.039031 -0.046349 0.022348 -0.059733 -0.008751 0.024436 0.028475 -0.030619 -0.038425 -0.002980 -0.012604 0.056972 -0.043128 0.084031 -0.021085 0.037649 -0.084263 0.014577 -0.017954 
-0.032172 -0.005075 -0.004121 -0.006131 0.019386 -0.033559 -0.029133 -0.019646 0.017360 -0.037185 0.001751 -0.105741 -0.032974 0.038714 0.013470 -0.027325 -0.048946 -0.018901 -0.030239 -0.016581 -0.019394 0.079493 -0.021423 0.032376 -0.089443 0.011377 -0.016170 
-0.037928 -0.009486 -0.007578 0.007105 0.031338 -0.034819 -0.032338 -0.033302 0.014030 -0.023120 0.009495 -0.112917 -0.027300 0.033898 -0.000446 0.009473 -0.042523 -0.022781 -0.012431 -0.034208 -0.032875 0.056498 -0.019590 0.029270 -0.084379 0.035274 -0.016567 
-0.041136 -0.006372 -0.006623 0.017212 0.045104 -0.032289 -0.037701 -0.026933 0.021585 -0.028355 0.033325 -0.099359 0.000912 0.019843 -0.003188 0.073028 -0.026012 -0.014613 0.026373 -0.032884 -0.063764 0.012188 -0.028636 0.034187 -0.052563 0.055423 -0.010277 
0.031688 0.007337 0.036807 0.027228 -0.041124 0.082165 -0.000701 0.045331 0.008379 -0.054785 0.059822 -0.065908 0.004137 -0.012770 0.027434 -0.018302 0.005532 0.124156 0.003965 0.095734 -0.028838 -0.031308 -0.031629 -0.035821 0.067975 -0.046396 -0.026952 
0.025228 0.012635 0.031270 0.006581 -0.028993 0.067777 -0.022076 0.025893 0.030751 -0.040211 0.051923 -0.063206 -0.026067 -0.014945 0.028479 -0.038129 -0.023850 0.134757 -0.014336 0.040097 -0.009643 0.019869 -0.033269 -0.056992 0.046192 -0.043168 -0.048318 
0.021106 0.015953 0.024192 -0.007791 -0.023549 0.050238 -0.036250 0.014851 0.038366 -0.035323 0.044755 -0.058896 -0.039136 -0.010977 0.033250 -0.044882 -0.045576 0.116997 -0.019370 -0.001901 0.006156 0.030093 -0.041322 -0.051573 0.044593 -0.043570 -0.053517 
0.017977 0.015130 0.017426 -0.016102 -0.023823 0.034463 -0.035419 0.013106 0.032686 -0.037986 0.040973 -0.054524 -0.034788 -0.009588 0.039647 -0.045682 -0.059623 0.085204 -0.011759 -0.036192 0.004473 0.010534 -0.035973 -0.034668 0.052630 -0.040729 -0.051185 
0.014798 0.010026 0.011727 -0.023554 -0.027757 0.019052 -0.019911 0.019926 0.011390 -0.053524 0.032190 -0.054849 -0.022634 -0.005569 0.037406 -0.044086 -0.066395 0.031293 0.004137 -0.061729 -0.016792 -0.038045 -0.027694 -0.010265 0.050984 -0.044457 -0.050018 
0.027526 -0.000356 0.002657 -0.005720 -0.013455 0.017949 -0.003279 0.010008 -0.008408 -0.057943 0.014384 -0.080252 -0.077363 0.018212 0.030885 -0.094984 -0.042853 0.026468 -0.010963 -0.044290 0.020371 -0.016286 0.000821 -0.041219 0.043364 -0.049570 -0.049302 
0.031055 -0.004543 0.007641 0.009676 -0.009412 0.027607 0.002950 0.009125 -0.009244 -0.050015 0.025082 -0.086313 -0.089024 0.022654 0.026505 -0.104951 -0.027306 0.042863 -0.021786 -0.017150 0.028613 -0.018699 -0.011892 -0.057587 0.057231 -0.057797 -0.044284 
0.031209 0.000235 0.019788 0.018851 -0.017097 0.050579 -0.000421 0.021819 -0.006172 -0.052583 0.039143 -0.079503 -0.057313 0.012971 0.027266 -0.075538 -0.006674 0.076943 -0.020736 0.025501 0.012677 -0.027039 -0.031647 -0.049940 0.072025 -0.063065 -0.037931 
0.019342 -0.048745 -0.063176 0.055879 -0.012499 -0.052901 0.074575 -0.019695 -0.128607 0.005522 0.086203 0.004228 -0.003249 0.007291 0.011860 -0.065496 0.013422 0.080392 0.082376 0.017712 -0.065844 -0.065680 -0.037795 0.088210 0.063392 -0.059306 0.046863 
0.017851 -0.056963 -0.094771 0.017078 0.042479 -0.032850 0.051299 0.002167 -0.107137 -0.012098 0.028027 0.016507 -0.014881 0.001794 0.036645 -0.049274 0.024920 0.029107 0.056851 0.041185 -0.047492 -0.020980 -0.019231 0.038379 0.062898 -0.099393 0.017268 
0.016673 -0.062111 -0.108783 -0.010579 0.088060 -0.029133 0.029164 0.017302 -0.067950 -0.024677 -0.013266 0.027521 -0.021340 -0.004006 0.054005 -0.019292 0.016159 -0.011751 0.045317 0.054324 -0.029142 -0.001218 0.001520 0.021829 0.062417 -0.116625 -0.022227 
0.011315 -0.062147 -0.107470 -0.027427 0.104758 -0.028373 0.018406 0.020037 -0.050770 -0.030975 -0.038106 0.034701 -0.010769 -0.014512 0.059971 0.001282 0.010955 -0.038374 0.041993 0.059986 -0.008593 0.007957 0.005215 0.018621 0.053642 -0.116249 -0.053955 
0.001231 -0.059419 -0.101528 -0.013580 0.061469 -0.009515 0.014093 0.012938 -0.077420 -0.014003 -0.018729 0.021755 0.000248 -0.005338 0.058413 0.036397 0.004152 -0.013093 0.019261 0.053993 -0.030391 0.007821 -0.011144 0.004714 0.025386 -0.089119 -0.035412 
-0.006379 -0.053045 -0.084104 0.011850 -0.007854 0.010761 0.017901 -0.015970 -0.114254 0.006975 0.016975 0.004725 0.012058 0.004981 0.037734 0.074135 -0.007814 0.022173 -0.001209 0.034123 -0.074269 -0.005396 -0.016043 -0.013968 -0.025893 -0.034881 -0.013397 
-0.018321 -0.044574 -0.041713 0.055530 -0.089572 0.012305 0.026237 -0.046769 -0.139159 0.034187 0.060063 0.002818 -0.000863 0.013319 0.007653 0.107523 -0.013673 0.047138 -0.027509 0.009301 -0.133102 -0.018339 -0.012366 -0.048387 -0.051345 0.032303 0.008167 
-0.003469 -0.065271 -0.030663 0.020799 -0.076587 -0.046202 0.019365 -0.036458 -0.069017 0.030877 -0.010501 0.008352 0.008519 -0.003459 0.005970 0.105641 -0.036048 0.033713 0.008618 -0.006612 -0.045042 -0.029086 0.005511 -0.068714 -0.083683 -0.001722 -0.063729 
0.008527 -0.082395 -0.026925 0.010423 -0.082378 -0.097827 0.023094 -0.026280 -0.011843 0.032547 -0.038621 0.027322 -0.007567 -0.004901 -0.001718 0.085668 -0.043750 0.008160 0.023075 -0.037708 0.018513 -0.038123 0.015118 -0.068001 -0.110510 -0.019133 -0.109117 
0.009957 -0.086120 -0.029025 0.002560 -0.048161 -0.114736 0.032174 -0.004529 -0.021633 0.025158 -0.041202 0.049994 -0.023084 -0.026285 0.003296 0.059675 -0.033585 0.014143 0.054723 -0.023568 0.014218 -0.042971 0.006115 -0.041353 -0.092793 -0.038869 -0.110519 
0.008098 -0.087861 -0.032770 -0.005470 -0.051548 -0.113986 0.042180 -0.014623 -0.041939 0.033060 -0.040083 0.056176 -0.020216 -0.038238 -0.023856 0.028554 -0.022876 0.026355 0.072118 -0.027777 0.022949 -0.035225 0.038683 -0.022850 -0.034443 -0.045025 -0.097028 
0.014741 -0.072037 -0.050156 0.008917 -0.020632 -0.090155 0.061930 -0.005369 -0.077318 0.014649 0.004165 0.042282 -0.009390 -0.022663 0.005660 -0.017474 -0.005971 0.051182 0.077807 0.000443 -0.017896 -0.045849 0.001040 0.001283 0.022270 -0.048149 -0.038880 
0.015757 -0.053721 -0.095730 -0.020938 -0.026017 -0.011559 0.048050 -0.022367 -0.097226 0.032072 -0.006378 0.022750 0.033906 -0.028410 0.029665 -0.000806 0.023386 0.056107 0.064852 0.003171 0.004562 -0.013202 -0.024842 -0.017689 -0.011632 -0.058119 -0.003503 
0.007713 -0.057149 -0.098695 -0.043913 -0.033339 -0.003123 0.027038 -0.010937 -0.062499 0.040490 -0.044959 0.044094 0.068874 -0.057955 0.032777 0.047431 0.008096 0.043192 0.049916 0.002512 0.039526 0.006554 -0.020905 -0.064510 -0.046606 -0.065444 -0.051070 
-0.006105 -0.051653 -0.088114 -0.018371 -0.060048 0.007922 0.019151 -0.029559 -0.106628 0.039537 -0.012525 0.021366 0.048146 -0.030700 0.031094 0.074575 0.002360 0.053223 0.015261 0.001437 -0.012789 0.000687 -0.019577 -0.069526 -0.064802 -0.027976 -0.020620 
-0.003634 -0.062203 -0.038644 0.014498 -0.012411 -0.072440 0.028275 0.002970 -0.038533 -0.002116 0.012369 0.022068 -0.023511 -0.008255 0.026755 0.083202 -0.007897 -0.012622 0.015257 0.027378 -0.071308 -0.032551 0.018329 -0.010366 0.002196 -0.009541 -0.055445 
0.010374 -0.074862 -0.033711 -0.002788 0.027008 -0.127159 0.035844 0.029236 0.008582 -0.023367 -0.012385 0.040856 -0.045358 -0.013714 0.030634 0.049080 -0.012853 -0.047092 0.054717 0.030026 -0.044699 -0.031229 0.006778 0.026909 0.029385 -0.034400 -0.091282 
0.016112 -0.065567 -0.053093 0.011143 0.027426 -0.100569 0.055360 0.022942 -0.029818 -0.015112 0.022585 0.026566 -0.033615 -0.012465 0.028854 -0.009403 0.011284 -0.010161 0.066381 0.040207 -0.047088 -0.040013 -0.018897 0.064425 0.062840 -0.056557 -0.033895 
-0.039865 -0.010401 -0.003187 0.018792 0.034305 -0.023767 -0.068721 -0.033120 0.074477 -0.019580 0.076522 -0.109703 -0.011503 0.040883 0.042089 -0.017948 -0.063943 0.034107 -0.020600 -0.075979 0.044458 0.077017 -0.075809 -0.000080 -0.012436 -0.025072 -0.012699 
0.025598 -0.003583 0.016432 0.018743 -0.037870 0.056532 -0.032282 -0.003100 0.041963 -0.021713 0.066188 -0.074480 -0.057434 0.012778 0.050352 -0.107910 -0.018959 0.085484 -0.031610 0.009264 0.049031 0.067915 -0.001705 -0.119298 0.052409 -0.038812 -0.041640 
# The variances of the components (eigenvalues) of identity or combined identity and expression model
27
1
5
4150.551996 
2065.215310 
265.258327 
186.000361 
132.711273 
124.447813 
108.794164 
73.931083 
59.685948 
57.001564 
48.743751 
47.898640 
41.109643 
39.244174 
30.906579 
26.954068 
26.877038 
21.220634 
19.832833 
18.399012 
15.893368 
15.380959 
13.364200 
11.690592 
9.937073 
3.967712 
3.151297 
